solid sphere_radius_10
facet normal 0.0782187 0.0782187 0.993863
outer loop
vertex  14.064340  12.500000  22.376880
vertex  12.500000  14.064340  22.376880
vertex  12.500000  12.500000  22.500000
endloop
endfacet
facet normal 0.128387 0.128387 0.983379
outer loop
vertex  14.064340  12.500000  22.376880
vertex  14.685080  14.685080  22.010570
vertex  12.500000  14.064340  22.376880
endloop
endfacet
facet normal 0.232362 0.0962473 0.967856
outer loop
vertex  15.590170  12.500000  22.010570
vertex  14.685080  14.685080  22.010570
vertex  14.064340  12.500000  22.376880
endloop
endfacet
facet normal 0.316619 0.131148 0.939443
outer loop
vertex  15.590170  12.500000  22.010570
vertex  16.431670  14.769950  21.410070
vertex  14.685080  14.685080  22.010570
endloop
endfacet
facet normal 0.0962473 0.232362 0.967856
outer loop
vertex  14.685080  14.685080  22.010570
vertex  12.500000  15.590170  22.010570
vertex  12.500000  14.064340  22.376880
endloop
endfacet
facet normal 0.131148 0.316619 0.939443
outer loop
vertex  14.685080  14.685080  22.010570
vertex  14.769950  16.431670  21.410070
vertex  12.500000  15.590170  22.010570
endloop
endfacet
facet normal 0.380687 0.102005 0.91906
outer loop
vertex  17.039900  12.500000  21.410070
vertex  16.431670  14.769950  21.410070
vertex  15.590170  12.500000  22.010570
endloop
endfacet
facet normal 0.477342 0.127903 0.869359
outer loop
vertex  17.039900  12.500000  21.410070
vertex  17.930430  14.749360  20.590170
vertex  16.431670  14.769950  21.410070
endloop
endfacet
facet normal 0.297457 0.297457 0.907215
outer loop
vertex  16.431670  14.769950  21.410070
vertex  14.769950  16.431670  21.410070
vertex  14.685080  14.685080  22.010570
endloop
endfacet
facet normal 0.340431 0.340431 0.876478
outer loop
vertex  16.431670  14.769950  21.410070
vertex  16.656270  16.656270  20.590170
vertex  14.769950  16.431670  21.410070
endloop
endfacet
facet normal 0.102005 0.380687 0.91906
outer loop
vertex  14.769950  16.431670  21.410070
vertex  12.500000  17.039900  21.410070
vertex  12.500000  15.590170  22.010570
endloop
endfacet
facet normal 0.127903 0.477342 0.869359
outer loop
vertex  14.769950  16.431670  21.410070
vertex  14.749360  17.930430  20.590170
vertex  12.500000  17.039900  21.410070
endloop
endfacet
facet normal 0.519699 0.103375 0.848072
outer loop
vertex  18.377850  12.500000  20.590170
vertex  17.930430  14.749360  20.590170
vertex  17.039900  12.500000  21.410070
endloop
endfacet
facet normal 0.617626 0.122853 0.776817
outer loop
vertex  18.377850  12.500000  20.590170
vertex  19.224990  14.685080  19.571070
vertex  17.930430  14.749360  20.590170
endloop
endfacet
facet normal 0.459951 0.30733 0.833063
outer loop
vertex  17.930430  14.749360  20.590170
vertex  16.656270  16.656270  20.590170
vertex  16.431670  14.769950  21.410070
endloop
endfacet
facet normal 0.512803 0.342644 0.787164
outer loop
vertex  17.930430  14.749360  20.590170
vertex  18.220610  16.656270  19.571070
vertex  16.656270  16.656270  20.590170
endloop
endfacet
facet normal 0.30733 0.459951 0.833063
outer loop
vertex  16.656270  16.656270  20.590170
vertex  14.749360  17.930430  20.590170
vertex  14.769950  16.431670  21.410070
endloop
endfacet
facet normal 0.342644 0.512803 0.787164
outer loop
vertex  16.656270  16.656270  20.590170
vertex  16.656270  18.220610  19.571070
vertex  14.749360  17.930430  20.590170
endloop
endfacet
facet normal 0.103375 0.519699 0.848072
outer loop
vertex  14.749360  17.930430  20.590170
vertex  12.500000  18.377850  20.590170
vertex  12.500000  17.039900  21.410070
endloop
endfacet
facet normal 0.122853 0.617626 0.776817
outer loop
vertex  14.749360  17.930430  20.590170
vertex  14.685080  19.224990  19.571070
vertex  12.500000  18.377850  20.590170
endloop
endfacet
facet normal 0.646039 0.102323 0.756415
outer loop
vertex  19.571070  12.500000  19.571070
vertex  19.224990  14.685080  19.571070
vertex  18.377850  12.500000  20.590170
endloop
endfacet
facet normal 0.737838 0.116862 0.664785
outer loop
vertex  19.571070  12.500000  19.571070
vertex  20.314500  14.593890  18.377850
vertex  19.224990  14.685080  19.571070
endloop
endfacet
facet normal 0.598401 0.3049 0.740913
outer loop
vertex  19.224990  14.685080  19.571070
vertex  18.220610  16.656270  19.571070
vertex  17.930430  14.749360  20.590170
endloop
endfacet
facet normal 0.656455 0.334481 0.676158
outer loop
vertex  19.224990  14.685080  19.571070
vertex  19.506290  16.545080  18.377850
vertex  18.220610  16.656270  19.571070
endloop
endfacet
facet normal 0.479117 0.479117 0.735455
outer loop
vertex  18.220610  16.656270  19.571070
vertex  16.656270  18.220610  19.571070
vertex  16.656270  16.656270  20.590170
endloop
endfacet
facet normal 0.518559 0.518559 0.679848
outer loop
vertex  18.220610  16.656270  19.571070
vertex  18.220610  18.220610  18.377850
vertex  16.656270  18.220610  19.571070
endloop
endfacet
facet normal 0.3049 0.598401 0.740913
outer loop
vertex  16.656270  18.220610  19.571070
vertex  14.685080  19.224990  19.571070
vertex  14.749360  17.930430  20.590170
endloop
endfacet
facet normal 0.334481 0.656455 0.676158
outer loop
vertex  16.656270  18.220610  19.571070
vertex  16.545080  19.506290  18.377850
vertex  14.685080  19.224990  19.571070
endloop
endfacet
facet normal 0.102323 0.646039 0.756415
outer loop
vertex  14.685080  19.224990  19.571070
vertex  12.500000  19.571070  19.571070
vertex  12.500000  18.377850  20.590170
endloop
endfacet
facet normal 0.116862 0.737838 0.664785
outer loop
vertex  14.685080  19.224990  19.571070
vertex  14.593890  20.314500  18.377850
vertex  12.500000  19.571070  19.571070
endloop
endfacet
facet normal 0.756624 0.0996114 0.646218
outer loop
vertex  20.590170  12.500000  18.377850
vertex  20.314500  14.593890  18.377850
vertex  19.571070  12.500000  19.571070
endloop
endfacet
facet normal 0.836793 0.110166 0.536322
outer loop
vertex  20.590170  12.500000  18.377850
vertex  21.186670  14.482680  17.039900
vertex  20.314500  14.593890  18.377850
endloop
endfacet
facet normal 0.716389 0.296738 0.631453
outer loop
vertex  20.314500  14.593890  18.377850
vertex  19.506290  16.545080  18.377850
vertex  19.224990  14.685080  19.571070
endloop
endfacet
facet normal 0.773185 0.320264 0.547372
outer loop
vertex  20.314500  14.593890  18.377850
vertex  20.527690  16.365930  17.039900
vertex  19.506290  16.545080  18.377850
endloop
endfacet
facet normal 0.620077 0.475802 0.623792
outer loop
vertex  19.506290  16.545080  18.377850
vertex  18.220610  18.220610  18.377850
vertex  18.220610  16.656270  19.571070
endloop
endfacet
facet normal 0.661115 0.507291 0.552795
outer loop
vertex  19.506290  16.545080  18.377850
vertex  19.466170  18.055330  17.039900
vertex  18.220610  18.220610  18.377850
endloop
endfacet
facet normal 0.475802 0.620077 0.623792
outer loop
vertex  18.220610  18.220610  18.377850
vertex  16.545080  19.506290  18.377850
vertex  16.656270  18.220610  19.571070
endloop
endfacet
facet normal 0.507291 0.661115 0.552795
outer loop
vertex  18.220610  18.220610  18.377850
vertex  18.055330  19.466170  17.039900
vertex  16.545080  19.506290  18.377850
endloop
endfacet
facet normal 0.296738 0.716389 0.631453
outer loop
vertex  16.545080  19.506290  18.377850
vertex  14.593890  20.314500  18.377850
vertex  14.685080  19.224990  19.571070
endloop
endfacet
facet normal 0.320264 0.773185 0.547372
outer loop
vertex  16.545080  19.506290  18.377850
vertex  16.365930  20.527690  17.039900
vertex  14.593890  20.314500  18.377850
endloop
endfacet
facet normal 0.0996114 0.756624 0.646218
outer loop
vertex  14.593890  20.314500  18.377850
vertex  12.500000  20.590170  18.377850
vertex  12.500000  19.571070  19.571070
endloop
endfacet
facet normal 0.110166 0.836793 0.536322
outer loop
vertex  14.593890  20.314500  18.377850
vertex  14.482680  21.186670  17.039900
vertex  12.500000  20.590170  18.377850
endloop
endfacet
facet normal 0.848733 0.0956292 0.520104
outer loop
vertex  21.410070  12.500000  17.039900
vertex  21.186670  14.482680  17.039900
vertex  20.590170  12.500000  18.377850
endloop
endfacet
facet normal 0.91301 0.102872 0.394752
outer loop
vertex  21.410070  12.500000  17.039900
vertex  21.827820  14.355420  15.590170
vertex  21.186670  14.482680  17.039900
endloop
endfacet
facet normal 0.813708 0.284729 0.506764
outer loop
vertex  21.186670  14.482680  17.039900
vertex  20.527690  16.365930  17.039900
vertex  20.314500  14.593890  18.377850
endloop
endfacet
facet normal 0.863141 0.302026 0.404682
outer loop
vertex  21.186670  14.482680  17.039900
vertex  21.286620  16.139540  15.590170
vertex  20.527690  16.365930  17.039900
endloop
endfacet
facet normal 0.733981 0.461191 0.498573
outer loop
vertex  20.527690  16.365930  17.039900
vertex  19.466170  18.055330  17.039900
vertex  19.506290  16.545080  18.377850
endloop
endfacet
facet normal 0.772066 0.485121 0.410575
outer loop
vertex  20.527690  16.365930  17.039900
vertex  20.407750  17.783790  15.590170
vertex  19.466170  18.055330  17.039900
endloop
endfacet
facet normal 0.614073 0.614073 0.495811
outer loop
vertex  19.466170  18.055330  17.039900
vertex  18.055330  19.466170  17.039900
vertex  18.220610  18.220610  18.377850
endloop
endfacet
facet normal 0.644135 0.644135 0.412529
outer loop
vertex  19.466170  18.055330  17.039900
vertex  19.224990  19.224990  15.590170
vertex  18.055330  19.466170  17.039900
endloop
endfacet
facet normal 0.461191 0.733981 0.498573
outer loop
vertex  18.055330  19.466170  17.039900
vertex  16.365930  20.527690  17.039900
vertex  16.545080  19.506290  18.377850
endloop
endfacet
facet normal 0.485121 0.772066 0.410575
outer loop
vertex  18.055330  19.466170  17.039900
vertex  17.783790  20.407750  15.590170
vertex  16.365930  20.527690  17.039900
endloop
endfacet
facet normal 0.284729 0.813708 0.506764
outer loop
vertex  16.365930  20.527690  17.039900
vertex  14.482680  21.186670  17.039900
vertex  14.593890  20.314500  18.377850
endloop
endfacet
facet normal 0.302026 0.863141 0.404682
outer loop
vertex  16.365930  20.527690  17.039900
vertex  16.139540  21.286620  15.590170
vertex  14.482680  21.186670  17.039900
endloop
endfacet
facet normal 0.0956292 0.848733 0.520104
outer loop
vertex  14.482680  21.186670  17.039900
vertex  12.500000  21.410070  17.039900
vertex  12.500000  20.590170  18.377850
endloop
endfacet
facet normal 0.102872 0.91301 0.394752
outer loop
vertex  14.482680  21.186670  17.039900
vertex  14.355420  21.827820  15.590170
vertex  12.500000  21.410070  17.039900
endloop
endfacet
facet normal 0.920078 0.0906198 0.381109
outer loop
vertex  22.010570  12.500000  15.590170
vertex  21.827820  14.355420  15.590170
vertex  21.410070  12.500000  17.039900
endloop
endfacet
facet normal 0.965191 0.095063 0.243659
outer loop
vertex  22.010570  12.500000  15.590170
vertex  22.226830  14.215100  14.064340
vertex  21.827820  14.355420  15.590170
endloop
endfacet
facet normal 0.889191 0.269733 0.369571
outer loop
vertex  21.827820  14.355420  15.590170
vertex  21.286620  16.139540  15.590170
vertex  21.186670  14.482680  17.039900
endloop
endfacet
facet normal 0.926043 0.280912 0.252057
outer loop
vertex  21.827820  14.355420  15.590170
vertex  21.781230  15.878090  14.064340
vertex  21.286620  16.139540  15.590170
endloop
endfacet
facet normal 0.822184 0.439466 0.361778
outer loop
vertex  21.286620  16.139540  15.590170
vertex  20.407750  17.783790  15.590170
vertex  20.527690  16.365930  17.039900
endloop
endfacet
facet normal 0.852152 0.455485 0.257627
outer loop
vertex  21.286620  16.139540  15.590170
vertex  21.053630  17.438440  14.064340
vertex  20.407750  17.783790  15.590170
endloop
endfacet
facet normal 0.721821 0.592383 0.357851
outer loop
vertex  20.407750  17.783790  15.590170
vertex  19.224990  19.224990  15.590170
vertex  19.466170  18.055330  17.039900
endloop
endfacet
facet normal 0.746342 0.612507 0.260403
outer loop
vertex  20.407750  17.783790  15.590170
vertex  20.066130  18.848740  14.064340
vertex  19.224990  19.224990  15.590170
endloop
endfacet
facet normal 0.592383 0.721821 0.357851
outer loop
vertex  19.224990  19.224990  15.590170
vertex  17.783790  20.407750  15.590170
vertex  18.055330  19.466170  17.039900
endloop
endfacet
facet normal 0.612507 0.746342 0.260403
outer loop
vertex  19.224990  19.224990  15.590170
vertex  18.848740  20.066130  14.064340
vertex  17.783790  20.407750  15.590170
endloop
endfacet
facet normal 0.439466 0.822184 0.361778
outer loop
vertex  17.783790  20.407750  15.590170
vertex  16.139540  21.286620  15.590170
vertex  16.365930  20.527690  17.039900
endloop
endfacet
facet normal 0.455485 0.852152 0.257627
outer loop
vertex  17.783790  20.407750  15.590170
vertex  17.438440  21.053630  14.064340
vertex  16.139540  21.286620  15.590170
endloop
endfacet
facet normal 0.269733 0.889191 0.369571
outer loop
vertex  16.139540  21.286620  15.590170
vertex  14.355420  21.827820  15.590170
vertex  14.482680  21.186670  17.039900
endloop
endfacet
facet normal 0.280912 0.926043 0.252057
outer loop
vertex  16.139540  21.286620  15.590170
vertex  15.878090  21.781230  14.064340
vertex  14.355420  21.827820  15.590170
endloop
endfacet
facet normal 0.0906198 0.920078 0.381109
outer loop
vertex  14.355420  21.827820  15.590170
vertex  12.500000  22.010570  15.590170
vertex  12.500000  21.410070  17.039900
endloop
endfacet
facet normal 0.095063 0.965191 0.243659
outer loop
vertex  14.355420  21.827820  15.590170
vertex  14.215100  22.226830  14.064340
vertex  12.500000  22.010570  15.590170
endloop
endfacet
facet normal 0.96887 0.0847652 0.232605
outer loop
vertex  22.376880  12.500000  14.064340
vertex  22.226830  14.215100  14.064340
vertex  22.010570  12.500000  15.590170
endloop
endfacet
facet normal 0.992433 0.0868266 0.0868266
outer loop
vertex  22.376880  12.500000  14.064340
vertex  22.376880  14.064340  12.500000
vertex  22.226830  14.215100  14.064340
endloop
endfacet
facet normal 0.941596 0.2523 0.223029
outer loop
vertex  22.226830  14.215100  14.064340
vertex  21.781230  15.878090  14.064340
vertex  21.827820  14.355420  15.590170
endloop
endfacet
facet normal 0.961689 0.257684 0.0935547
outer loop
vertex  22.226830  14.215100  14.064340
vertex  22.010570  15.590170  12.500000
vertex  21.781230  15.878090  14.064340
endloop
endfacet
facet normal 0.884884 0.412628 0.216146
outer loop
vertex  21.781230  15.878090  14.064340
vertex  21.053630  17.438440  14.064340
vertex  21.286620  16.139540  15.590170
endloop
endfacet
facet normal 0.901914 0.420569 0.0983541
outer loop
vertex  21.781230  15.878090  14.064340
vertex  21.410070  17.039900  12.500000
vertex  21.053630  17.438440  14.064340
endloop
endfacet
facet normal 0.800533 0.560539 0.211999
outer loop
vertex  21.053630  17.438440  14.064340
vertex  20.066130  18.848740  14.064340
vertex  20.407750  17.783790  15.590170
endloop
endfacet
facet normal 0.814944 0.57063 0.101231
outer loop
vertex  21.053630  17.438440  14.064340
vertex  20.590170  18.377850  12.500000
vertex  20.066130  18.848740  14.064340
endloop
endfacet
facet normal 0.691246 0.691246 0.210614
outer loop
vertex  20.066130  18.848740  14.064340
vertex  18.848740  20.066130  14.064340
vertex  19.224990  19.224990  15.590170
endloop
endfacet
facet normal 0.703405 0.703405 0.10219
outer loop
vertex  20.066130  18.848740  14.064340
vertex  19.571070  19.571070  12.500000
vertex  18.848740  20.066130  14.064340
endloop
endfacet
facet normal 0.560539 0.800533 0.211999
outer loop
vertex  18.848740  20.066130  14.064340
vertex  17.438440  21.053630  14.064340
vertex  17.783790  20.407750  15.590170
endloop
endfacet
facet normal 0.57063 0.814944 0.101231
outer loop
vertex  18.848740  20.066130  14.064340
vertex  18.377850  20.590170  12.500000
vertex  17.438440  21.053630  14.064340
endloop
endfacet
facet normal 0.412628 0.884884 0.216146
outer loop
vertex  17.438440  21.053630  14.064340
vertex  15.878090  21.781230  14.064340
vertex  16.139540  21.286620  15.590170
endloop
endfacet
facet normal 0.420569 0.901914 0.0983541
outer loop
vertex  17.438440  21.053630  14.064340
vertex  17.039900  21.410070  12.500000
vertex  15.878090  21.781230  14.064340
endloop
endfacet
facet normal 0.2523 0.941596 0.223029
outer loop
vertex  15.878090  21.781230  14.064340
vertex  14.215100  22.226830  14.064340
vertex  14.355420  21.827820  15.590170
endloop
endfacet
facet normal 0.257684 0.961689 0.0935547
outer loop
vertex  15.878090  21.781230  14.064340
vertex  15.590170  22.010570  12.500000
vertex  14.215100  22.226830  14.064340
endloop
endfacet
facet normal 0.0847652 0.96887 0.232605
outer loop
vertex  14.215100  22.226830  14.064340
vertex  12.500000  22.376880  14.064340
vertex  12.500000  22.010570  15.590170
endloop
endfacet
facet normal 0.0868266 0.992433 0.0868266
outer loop
vertex  14.215100  22.226830  14.064340
vertex  14.064340  22.376880  12.500000
vertex  12.500000  22.376880  14.064340
endloop
endfacet
facet normal 0.993863 0.0782187 0.0782187
outer loop
vertex  22.500000  12.500000  12.500000
vertex  22.376880  14.064340  12.500000
vertex  22.376880  12.500000  14.064340
endloop
endfacet
facet normal 0.969944 0.232863 0.0705957
outer loop
vertex  22.376880  14.064340  12.500000
vertex  22.010570  15.590170  12.500000
vertex  22.226830  14.215100  14.064340
endloop
endfacet
facet normal 0.921934 0.381877 0.0648683
outer loop
vertex  22.010570  15.590170  12.500000
vertex  21.410070  17.039900  12.500000
vertex  21.781230  15.878090  14.064340
endloop
endfacet
facet normal 0.85105 0.521524 0.0610454
outer loop
vertex  21.410070  17.039900  12.500000
vertex  20.590170  18.377850  12.500000
vertex  21.053630  17.438440  14.064340
endloop
endfacet
facet normal 0.759075 0.648312 0.0591327
outer loop
vertex  20.590170  18.377850  12.500000
vertex  19.571070  19.571070  12.500000
vertex  20.066130  18.848740  14.064340
endloop
endfacet
facet normal 0.648312 0.759075 0.0591327
outer loop
vertex  19.571070  19.571070  12.500000
vertex  18.377850  20.590170  12.500000
vertex  18.848740  20.066130  14.064340
endloop
endfacet
facet normal 0.521524 0.85105 0.0610454
outer loop
vertex  18.377850  20.590170  12.500000
vertex  17.039900  21.410070  12.500000
vertex  17.438440  21.053630  14.064340
endloop
endfacet
facet normal 0.381877 0.921934 0.0648683
outer loop
vertex  17.039900  21.410070  12.500000
vertex  15.590170  22.010570  12.500000
vertex  15.878090  21.781230  14.064340
endloop
endfacet
facet normal 0.232863 0.969944 0.0705957
outer loop
vertex  15.590170  22.010570  12.500000
vertex  14.064340  22.376880  12.500000
vertex  14.215100  22.226830  14.064340
endloop
endfacet
facet normal 0.0782187 0.993863 0.0782187
outer loop
vertex  14.064340  22.376880  12.500000
vertex  12.500000  22.500000  12.500000
vertex  12.500000  22.376880  14.064340
endloop
endfacet
facet normal -0.0782187 0.0782187 0.993863
outer loop
vertex  12.500000  14.064340  22.376880
vertex  10.935660  12.500000  22.376880
vertex  12.500000  12.500000  22.500000
endloop
endfacet
facet normal -0.128387 0.128387 0.983379
outer loop
vertex  12.500000  14.064340  22.376880
vertex  10.314920  14.685080  22.010570
vertex  10.935660  12.500000  22.376880
endloop
endfacet
facet normal -0.0962473 0.232362 0.967856
outer loop
vertex  12.500000  15.590170  22.010570
vertex  10.314920  14.685080  22.010570
vertex  12.500000  14.064340  22.376880
endloop
endfacet
facet normal -0.131148 0.316619 0.939443
outer loop
vertex  12.500000  15.590170  22.010570
vertex  10.230050  16.431670  21.410070
vertex  10.314920  14.685080  22.010570
endloop
endfacet
facet normal -0.232362 0.0962473 0.967856
outer loop
vertex  10.314920  14.685080  22.010570
vertex   9.409830  12.500000  22.010570
vertex  10.935660  12.500000  22.376880
endloop
endfacet
facet normal -0.316619 0.131148 0.939443
outer loop
vertex  10.314920  14.685080  22.010570
vertex   8.568330  14.769950  21.410070
vertex   9.409830  12.500000  22.010570
endloop
endfacet
facet normal -0.102005 0.380687 0.91906
outer loop
vertex  12.500000  17.039900  21.410070
vertex  10.230050  16.431670  21.410070
vertex  12.500000  15.590170  22.010570
endloop
endfacet
facet normal -0.127903 0.477342 0.869359
outer loop
vertex  12.500000  17.039900  21.410070
vertex  10.250640  17.930430  20.590170
vertex  10.230050  16.431670  21.410070
endloop
endfacet
facet normal -0.297457 0.297457 0.907215
outer loop
vertex  10.230050  16.431670  21.410070
vertex   8.568330  14.769950  21.410070
vertex  10.314920  14.685080  22.010570
endloop
endfacet
facet normal -0.340431 0.340431 0.876478
outer loop
vertex  10.230050  16.431670  21.410070
vertex   8.343730  16.656270  20.590170
vertex   8.568330  14.769950  21.410070
endloop
endfacet
facet normal -0.380687 0.102005 0.91906
outer loop
vertex   8.568330  14.769950  21.410070
vertex   7.960100  12.500000  21.410070
vertex   9.409830  12.500000  22.010570
endloop
endfacet
facet normal -0.477342 0.127903 0.869359
outer loop
vertex   8.568330  14.769950  21.410070
vertex   7.069570  14.749360  20.590170
vertex   7.960100  12.500000  21.410070
endloop
endfacet
facet normal -0.103375 0.519699 0.848072
outer loop
vertex  12.500000  18.377850  20.590170
vertex  10.250640  17.930430  20.590170
vertex  12.500000  17.039900  21.410070
endloop
endfacet
facet normal -0.122853 0.617626 0.776817
outer loop
vertex  12.500000  18.377850  20.590170
vertex  10.314920  19.224990  19.571070
vertex  10.250640  17.930430  20.590170
endloop
endfacet
facet normal -0.30733 0.459951 0.833063
outer loop
vertex  10.250640  17.930430  20.590170
vertex   8.343730  16.656270  20.590170
vertex  10.230050  16.431670  21.410070
endloop
endfacet
facet normal -0.342644 0.512803 0.787164
outer loop
vertex  10.250640  17.930430  20.590170
vertex   8.343730  18.220610  19.571070
vertex   8.343730  16.656270  20.590170
endloop
endfacet
facet normal -0.459951 0.30733 0.833063
outer loop
vertex   8.343730  16.656270  20.590170
vertex   7.069570  14.749360  20.590170
vertex   8.568330  14.769950  21.410070
endloop
endfacet
facet normal -0.512803 0.342644 0.787164
outer loop
vertex   8.343730  16.656270  20.590170
vertex   6.779390  16.656270  19.571070
vertex   7.069570  14.749360  20.590170
endloop
endfacet
facet normal -0.519699 0.103375 0.848072
outer loop
vertex   7.069570  14.749360  20.590170
vertex   6.622150  12.500000  20.590170
vertex   7.960100  12.500000  21.410070
endloop
endfacet
facet normal -0.617626 0.122853 0.776817
outer loop
vertex   7.069570  14.749360  20.590170
vertex   5.775010  14.685080  19.571070
vertex   6.622150  12.500000  20.590170
endloop
endfacet
facet normal -0.102323 0.646039 0.756415
outer loop
vertex  12.500000  19.571070  19.571070
vertex  10.314920  19.224990  19.571070
vertex  12.500000  18.377850  20.590170
endloop
endfacet
facet normal -0.116862 0.737838 0.664785
outer loop
vertex  12.500000  19.571070  19.571070
vertex  10.406110  20.314500  18.377850
vertex  10.314920  19.224990  19.571070
endloop
endfacet
facet normal -0.3049 0.598401 0.740913
outer loop
vertex  10.314920  19.224990  19.571070
vertex   8.343730  18.220610  19.571070
vertex  10.250640  17.930430  20.590170
endloop
endfacet
facet normal -0.334481 0.656455 0.676158
outer loop
vertex  10.314920  19.224990  19.571070
vertex   8.454920  19.506290  18.377850
vertex   8.343730  18.220610  19.571070
endloop
endfacet
facet normal -0.479117 0.479117 0.735455
outer loop
vertex   8.343730  18.220610  19.571070
vertex   6.779390  16.656270  19.571070
vertex   8.343730  16.656270  20.590170
endloop
endfacet
facet normal -0.518559 0.518559 0.679848
outer loop
vertex   8.343730  18.220610  19.571070
vertex   6.779390  18.220610  18.377850
vertex   6.779390  16.656270  19.571070
endloop
endfacet
facet normal -0.598401 0.3049 0.740913
outer loop
vertex   6.779390  16.656270  19.571070
vertex   5.775010  14.685080  19.571070
vertex   7.069570  14.749360  20.590170
endloop
endfacet
facet normal -0.656455 0.334481 0.676158
outer loop
vertex   6.779390  16.656270  19.571070
vertex   5.493710  16.545080  18.377850
vertex   5.775010  14.685080  19.571070
endloop
endfacet
facet normal -0.646039 0.102323 0.756415
outer loop
vertex   5.775010  14.685080  19.571070
vertex   5.428930  12.500000  19.571070
vertex   6.622150  12.500000  20.590170
endloop
endfacet
facet normal -0.737838 0.116862 0.664785
outer loop
vertex   5.775010  14.685080  19.571070
vertex   4.685500  14.593890  18.377850
vertex   5.428930  12.500000  19.571070
endloop
endfacet
facet normal -0.0996114 0.756624 0.646218
outer loop
vertex  12.500000  20.590170  18.377850
vertex  10.406110  20.314500  18.377850
vertex  12.500000  19.571070  19.571070
endloop
endfacet
facet normal -0.110166 0.836793 0.536322
outer loop
vertex  12.500000  20.590170  18.377850
vertex  10.517320  21.186670  17.039900
vertex  10.406110  20.314500  18.377850
endloop
endfacet
facet normal -0.296738 0.716389 0.631453
outer loop
vertex  10.406110  20.314500  18.377850
vertex   8.454920  19.506290  18.377850
vertex  10.314920  19.224990  19.571070
endloop
endfacet
facet normal -0.320264 0.773185 0.547372
outer loop
vertex  10.406110  20.314500  18.377850
vertex   8.634070  20.527690  17.039900
vertex   8.454920  19.506290  18.377850
endloop
endfacet
facet normal -0.475802 0.620077 0.623792
outer loop
vertex   8.454920  19.506290  18.377850
vertex   6.779390  18.220610  18.377850
vertex   8.343730  18.220610  19.571070
endloop
endfacet
facet normal -0.507291 0.661115 0.552795
outer loop
vertex   8.454920  19.506290  18.377850
vertex   6.944670  19.466170  17.039900
vertex   6.779390  18.220610  18.377850
endloop
endfacet
facet normal -0.620077 0.475802 0.623792
outer loop
vertex   6.779390  18.220610  18.377850
vertex   5.493710  16.545080  18.377850
vertex   6.779390  16.656270  19.571070
endloop
endfacet
facet normal -0.661115 0.507291 0.552795
outer loop
vertex   6.779390  18.220610  18.377850
vertex   5.533830  18.055330  17.039900
vertex   5.493710  16.545080  18.377850
endloop
endfacet
facet normal -0.716389 0.296738 0.631453
outer loop
vertex   5.493710  16.545080  18.377850
vertex   4.685500  14.593890  18.377850
vertex   5.775010  14.685080  19.571070
endloop
endfacet
facet normal -0.773185 0.320264 0.547372
outer loop
vertex   5.493710  16.545080  18.377850
vertex   4.472310  16.365930  17.039900
vertex   4.685500  14.593890  18.377850
endloop
endfacet
facet normal -0.756624 0.0996114 0.646218
outer loop
vertex   4.685500  14.593890  18.377850
vertex   4.409830  12.500000  18.377850
vertex   5.428930  12.500000  19.571070
endloop
endfacet
facet normal -0.836793 0.110166 0.536322
outer loop
vertex   4.685500  14.593890  18.377850
vertex   3.813330  14.482680  17.039900
vertex   4.409830  12.500000  18.377850
endloop
endfacet
facet normal -0.0956292 0.848733 0.520104
outer loop
vertex  12.500000  21.410070  17.039900
vertex  10.517320  21.186670  17.039900
vertex  12.500000  20.590170  18.377850
endloop
endfacet
facet normal -0.102872 0.91301 0.394752
outer loop
vertex  12.500000  21.410070  17.039900
vertex  10.644580  21.827820  15.590170
vertex  10.517320  21.186670  17.039900
endloop
endfacet
facet normal -0.284729 0.813708 0.506764
outer loop
vertex  10.517320  21.186670  17.039900
vertex   8.634070  20.527690  17.039900
vertex  10.406110  20.314500  18.377850
endloop
endfacet
facet normal -0.302026 0.863141 0.404682
outer loop
vertex  10.517320  21.186670  17.039900
vertex   8.860460  21.286620  15.590170
vertex   8.634070  20.527690  17.039900
endloop
endfacet
facet normal -0.461191 0.733981 0.498573
outer loop
vertex   8.634070  20.527690  17.039900
vertex   6.944670  19.466170  17.039900
vertex   8.454920  19.506290  18.377850
endloop
endfacet
facet normal -0.485121 0.772066 0.410575
outer loop
vertex   8.634070  20.527690  17.039900
vertex   7.216210  20.407750  15.590170
vertex   6.944670  19.466170  17.039900
endloop
endfacet
facet normal -0.614073 0.614073 0.495811
outer loop
vertex   6.944670  19.466170  17.039900
vertex   5.533830  18.055330  17.039900
vertex   6.779390  18.220610  18.377850
endloop
endfacet
facet normal -0.644135 0.644135 0.412529
outer loop
vertex   6.944670  19.466170  17.039900
vertex   5.775010  19.224990  15.590170
vertex   5.533830  18.055330  17.039900
endloop
endfacet
facet normal -0.733981 0.461191 0.498573
outer loop
vertex   5.533830  18.055330  17.039900
vertex   4.472310  16.365930  17.039900
vertex   5.493710  16.545080  18.377850
endloop
endfacet
facet normal -0.772066 0.485121 0.410575
outer loop
vertex   5.533830  18.055330  17.039900
vertex   4.592250  17.783790  15.590170
vertex   4.472310  16.365930  17.039900
endloop
endfacet
facet normal -0.813708 0.284729 0.506764
outer loop
vertex   4.472310  16.365930  17.039900
vertex   3.813330  14.482680  17.039900
vertex   4.685500  14.593890  18.377850
endloop
endfacet
facet normal -0.863141 0.302026 0.404682
outer loop
vertex   4.472310  16.365930  17.039900
vertex   3.713380  16.139540  15.590170
vertex   3.813330  14.482680  17.039900
endloop
endfacet
facet normal -0.848733 0.0956292 0.520104
outer loop
vertex   3.813330  14.482680  17.039900
vertex   3.589930  12.500000  17.039900
vertex   4.409830  12.500000  18.377850
endloop
endfacet
facet normal -0.91301 0.102872 0.394752
outer loop
vertex   3.813330  14.482680  17.039900
vertex   3.172180  14.355420  15.590170
vertex   3.589930  12.500000  17.039900
endloop
endfacet
facet normal -0.0906198 0.920078 0.381109
outer loop
vertex  12.500000  22.010570  15.590170
vertex  10.644580  21.827820  15.590170
vertex  12.500000  21.410070  17.039900
endloop
endfacet
facet normal -0.095063 0.965191 0.243659
outer loop
vertex  12.500000  22.010570  15.590170
vertex  10.784900  22.226830  14.064340
vertex  10.644580  21.827820  15.590170
endloop
endfacet
facet normal -0.269733 0.889191 0.369571
outer loop
vertex  10.644580  21.827820  15.590170
vertex   8.860460  21.286620  15.590170
vertex  10.517320  21.186670  17.039900
endloop
endfacet
facet normal -0.280912 0.926043 0.252057
outer loop
vertex  10.644580  21.827820  15.590170
vertex   9.121910  21.781230  14.064340
vertex   8.860460  21.286620  15.590170
endloop
endfacet
facet normal -0.439466 0.822184 0.361778
outer loop
vertex   8.860460  21.286620  15.590170
vertex   7.216210  20.407750  15.590170
vertex   8.634070  20.527690  17.039900
endloop
endfacet
facet normal -0.455485 0.852152 0.257627
outer loop
vertex   8.860460  21.286620  15.590170
vertex   7.561560  21.053630  14.064340
vertex   7.216210  20.407750  15.590170
endloop
endfacet
facet normal -0.592383 0.721821 0.357851
outer loop
vertex   7.216210  20.407750  15.590170
vertex   5.775010  19.224990  15.590170
vertex   6.944670  19.466170  17.039900
endloop
endfacet
facet normal -0.612507 0.746342 0.260403
outer loop
vertex   7.216210  20.407750  15.590170
vertex   6.151260  20.066130  14.064340
vertex   5.775010  19.224990  15.590170
endloop
endfacet
facet normal -0.721821 0.592383 0.357851
outer loop
vertex   5.775010  19.224990  15.590170
vertex   4.592250  17.783790  15.590170
vertex   5.533830  18.055330  17.039900
endloop
endfacet
facet normal -0.746342 0.612507 0.260403
outer loop
vertex   5.775010  19.224990  15.590170
vertex   4.933870  18.848740  14.064340
vertex   4.592250  17.783790  15.590170
endloop
endfacet
facet normal -0.822184 0.439466 0.361778
outer loop
vertex   4.592250  17.783790  15.590170
vertex   3.713380  16.139540  15.590170
vertex   4.472310  16.365930  17.039900
endloop
endfacet
facet normal -0.852152 0.455485 0.257627
outer loop
vertex   4.592250  17.783790  15.590170
vertex   3.946370  17.438440  14.064340
vertex   3.713380  16.139540  15.590170
endloop
endfacet
facet normal -0.889191 0.269733 0.369571
outer loop
vertex   3.713380  16.139540  15.590170
vertex   3.172180  14.355420  15.590170
vertex   3.813330  14.482680  17.039900
endloop
endfacet
facet normal -0.926043 0.280912 0.252057
outer loop
vertex   3.713380  16.139540  15.590170
vertex   3.218770  15.878090  14.064340
vertex   3.172180  14.355420  15.590170
endloop
endfacet
facet normal -0.920078 0.0906198 0.381109
outer loop
vertex   3.172180  14.355420  15.590170
vertex   2.989430  12.500000  15.590170
vertex   3.589930  12.500000  17.039900
endloop
endfacet
facet normal -0.965191 0.095063 0.243659
outer loop
vertex   3.172180  14.355420  15.590170
vertex   2.773170  14.215100  14.064340
vertex   2.989430  12.500000  15.590170
endloop
endfacet
facet normal -0.0847652 0.96887 0.232605
outer loop
vertex  12.500000  22.376880  14.064340
vertex  10.784900  22.226830  14.064340
vertex  12.500000  22.010570  15.590170
endloop
endfacet
facet normal -0.0868266 0.992433 0.0868266
outer loop
vertex  12.500000  22.376880  14.064340
vertex  10.935660  22.376880  12.500000
vertex  10.784900  22.226830  14.064340
endloop
endfacet
facet normal -0.2523 0.941596 0.223029
outer loop
vertex  10.784900  22.226830  14.064340
vertex   9.121910  21.781230  14.064340
vertex  10.644580  21.827820  15.590170
endloop
endfacet
facet normal -0.257684 0.961689 0.0935547
outer loop
vertex  10.784900  22.226830  14.064340
vertex   9.409830  22.010570  12.500000
vertex   9.121910  21.781230  14.064340
endloop
endfacet
facet normal -0.412628 0.884884 0.216146
outer loop
vertex   9.121910  21.781230  14.064340
vertex   7.561560  21.053630  14.064340
vertex   8.860460  21.286620  15.590170
endloop
endfacet
facet normal -0.420569 0.901914 0.0983541
outer loop
vertex   9.121910  21.781230  14.064340
vertex   7.960100  21.410070  12.500000
vertex   7.561560  21.053630  14.064340
endloop
endfacet
facet normal -0.560539 0.800533 0.211999
outer loop
vertex   7.561560  21.053630  14.064340
vertex   6.151260  20.066130  14.064340
vertex   7.216210  20.407750  15.590170
endloop
endfacet
facet normal -0.57063 0.814944 0.101231
outer loop
vertex   7.561560  21.053630  14.064340
vertex   6.622150  20.590170  12.500000
vertex   6.151260  20.066130  14.064340
endloop
endfacet
facet normal -0.691246 0.691246 0.210614
outer loop
vertex   6.151260  20.066130  14.064340
vertex   4.933870  18.848740  14.064340
vertex   5.775010  19.224990  15.590170
endloop
endfacet
facet normal -0.703405 0.703405 0.10219
outer loop
vertex   6.151260  20.066130  14.064340
vertex   5.428930  19.571070  12.500000
vertex   4.933870  18.848740  14.064340
endloop
endfacet
facet normal -0.800533 0.560539 0.211999
outer loop
vertex   4.933870  18.848740  14.064340
vertex   3.946370  17.438440  14.064340
vertex   4.592250  17.783790  15.590170
endloop
endfacet
facet normal -0.814944 0.57063 0.101231
outer loop
vertex   4.933870  18.848740  14.064340
vertex   4.409830  18.377850  12.500000
vertex   3.946370  17.438440  14.064340
endloop
endfacet
facet normal -0.884884 0.412628 0.216146
outer loop
vertex   3.946370  17.438440  14.064340
vertex   3.218770  15.878090  14.064340
vertex   3.713380  16.139540  15.590170
endloop
endfacet
facet normal -0.901914 0.420569 0.0983541
outer loop
vertex   3.946370  17.438440  14.064340
vertex   3.589930  17.039900  12.500000
vertex   3.218770  15.878090  14.064340
endloop
endfacet
facet normal -0.941596 0.2523 0.223029
outer loop
vertex   3.218770  15.878090  14.064340
vertex   2.773170  14.215100  14.064340
vertex   3.172180  14.355420  15.590170
endloop
endfacet
facet normal -0.961689 0.257684 0.0935547
outer loop
vertex   3.218770  15.878090  14.064340
vertex   2.989430  15.590170  12.500000
vertex   2.773170  14.215100  14.064340
endloop
endfacet
facet normal -0.96887 0.0847652 0.232605
outer loop
vertex   2.773170  14.215100  14.064340
vertex   2.623120  12.500000  14.064340
vertex   2.989430  12.500000  15.590170
endloop
endfacet
facet normal -0.992433 0.0868266 0.0868266
outer loop
vertex   2.773170  14.215100  14.064340
vertex   2.623120  14.064340  12.500000
vertex   2.623120  12.500000  14.064340
endloop
endfacet
facet normal -0.0782187 0.993863 0.0782187
outer loop
vertex  12.500000  22.500000  12.500000
vertex  10.935660  22.376880  12.500000
vertex  12.500000  22.376880  14.064340
endloop
endfacet
facet normal -0.232863 0.969944 0.0705957
outer loop
vertex  10.935660  22.376880  12.500000
vertex   9.409830  22.010570  12.500000
vertex  10.784900  22.226830  14.064340
endloop
endfacet
facet normal -0.381877 0.921934 0.0648683
outer loop
vertex   9.409830  22.010570  12.500000
vertex   7.960100  21.410070  12.500000
vertex   9.121910  21.781230  14.064340
endloop
endfacet
facet normal -0.521524 0.85105 0.0610454
outer loop
vertex   7.960100  21.410070  12.500000
vertex   6.622150  20.590170  12.500000
vertex   7.561560  21.053630  14.064340
endloop
endfacet
facet normal -0.648312 0.759075 0.0591327
outer loop
vertex   6.622150  20.590170  12.500000
vertex   5.428930  19.571070  12.500000
vertex   6.151260  20.066130  14.064340
endloop
endfacet
facet normal -0.759075 0.648312 0.0591327
outer loop
vertex   5.428930  19.571070  12.500000
vertex   4.409830  18.377850  12.500000
vertex   4.933870  18.848740  14.064340
endloop
endfacet
facet normal -0.85105 0.521524 0.0610454
outer loop
vertex   4.409830  18.377850  12.500000
vertex   3.589930  17.039900  12.500000
vertex   3.946370  17.438440  14.064340
endloop
endfacet
facet normal -0.921934 0.381877 0.0648683
outer loop
vertex   3.589930  17.039900  12.500000
vertex   2.989430  15.590170  12.500000
vertex   3.218770  15.878090  14.064340
endloop
endfacet
facet normal -0.969944 0.232863 0.0705957
outer loop
vertex   2.989430  15.590170  12.500000
vertex   2.623120  14.064340  12.500000
vertex   2.773170  14.215100  14.064340
endloop
endfacet
facet normal -0.993863 0.0782187 0.0782187
outer loop
vertex   2.623120  14.064340  12.500000
vertex   2.500000  12.500000  12.500000
vertex   2.623120  12.500000  14.064340
endloop
endfacet
facet normal -0.0782187 -0.0782187 0.993863
outer loop
vertex  10.935660  12.500000  22.376880
vertex  12.500000  10.935660  22.376880
vertex  12.500000  12.500000  22.500000
endloop
endfacet
facet normal -0.128387 -0.128387 0.983379
outer loop
vertex  10.935660  12.500000  22.376880
vertex  10.314920  10.314920  22.010570
vertex  12.500000  10.935660  22.376880
endloop
endfacet
facet normal -0.232362 -0.0962473 0.967856
outer loop
vertex   9.409830  12.500000  22.010570
vertex  10.314920  10.314920  22.010570
vertex  10.935660  12.500000  22.376880
endloop
endfacet
facet normal -0.316619 -0.131148 0.939443
outer loop
vertex   9.409830  12.500000  22.010570
vertex   8.568330  10.230050  21.410070
vertex  10.314920  10.314920  22.010570
endloop
endfacet
facet normal -0.0962473 -0.232362 0.967856
outer loop
vertex  10.314920  10.314920  22.010570
vertex  12.500000   9.409830  22.010570
vertex  12.500000  10.935660  22.376880
endloop
endfacet
facet normal -0.131148 -0.316619 0.939443
outer loop
vertex  10.314920  10.314920  22.010570
vertex  10.230050   8.568330  21.410070
vertex  12.500000   9.409830  22.010570
endloop
endfacet
facet normal -0.380687 -0.102005 0.91906
outer loop
vertex   7.960100  12.500000  21.410070
vertex   8.568330  10.230050  21.410070
vertex   9.409830  12.500000  22.010570
endloop
endfacet
facet normal -0.477342 -0.127903 0.869359
outer loop
vertex   7.960100  12.500000  21.410070
vertex   7.069570  10.250640  20.590170
vertex   8.568330  10.230050  21.410070
endloop
endfacet
facet normal -0.297457 -0.297457 0.907215
outer loop
vertex   8.568330  10.230050  21.410070
vertex  10.230050   8.568330  21.410070
vertex  10.314920  10.314920  22.010570
endloop
endfacet
facet normal -0.340431 -0.340431 0.876478
outer loop
vertex   8.568330  10.230050  21.410070
vertex   8.343730   8.343730  20.590170
vertex  10.230050   8.568330  21.410070
endloop
endfacet
facet normal -0.102005 -0.380687 0.91906
outer loop
vertex  10.230050   8.568330  21.410070
vertex  12.500000   7.960100  21.410070
vertex  12.500000   9.409830  22.010570
endloop
endfacet
facet normal -0.127903 -0.477342 0.869359
outer loop
vertex  10.230050   8.568330  21.410070
vertex  10.250640   7.069570  20.590170
